0 1 Car 0 0 0 0 0 0 0 0.11630013771355152 0.05536077171564102 0.05321362614631653 -0.0005866876752223527 -0.04499586645838593 -0.4342727903702248 0.0029919541380894962 69.42
0 1 Car 0 0 0 0 0 0 0 0.10555971693247557 0.061073146760463715 0.0751047134399414 -0.03107529495848963 -0.05288656004664995 -0.3786870976327631 0.0005990819964514019 69.42
0 1 Car 0 0 0 0 0 0 0 0.11630013771355152 0.05536077171564102 0.05321362614631653 -0.12322282661905011 -0.04481738320206868 -0.44269890577116194 0.0029919541380894962 69.42
0 1 Car 0 0 0 0 0 0 0 0.10555971693247557 0.061073146760463715 0.0751047134399414 -0.1534836608545638 -0.051964565979467324 -0.38688862628579884 0.0005990819964514019 69.42
0 1 Car 0 0 0 0 0 0 0 0.116300136 0.05536077 0.053213626 0.0005739059279121703 -0.045437968920572586 -0.44303492360132 0.002991885 69.42
0 1 Car 0 0 0 0 0 0 0 0.105559714 0.061073147 0.07510471 0.03106350200827078 -0.0528898836952404 -0.3873916815965642 0.0005990565 69.42
0 1 Car 0 0 0 0 0 0 0 0.116300136 0.05536077 0.053213626 0.12321005675233099 -0.044376636145384875 -0.4339351907424705 0.002991885 69.42
0 1 Car 0 0 0 0 0 0 0 0.105559714 0.061073147 0.07510471 0.15347189914182555 -0.05196363323059877 -0.37818597446555996 0.0005990565 69.42
0 1 Car 0 0 0 0 0 0 0 0.116300136 0.05536077 0.053213626 0.06189949810504913 -0.045051854103803635 -0.4385695159435272 0.002991885 69.42
0 1 Car 0 0 0 0 0 0 0 0.105559714 0.061073147 0.07510471 0.09227512031793594 -0.05257092043757439 -0.382872998714447 0.0005990565 69.42
0 1 Car 0 0 0 0 0 0 0 0.11630013771355152 0.05536077171564102 0.05321362614631653 -0.06189925062452706 -0.04505184050441876 -0.43856908449823756 0.0029919541380894962 69.42
0 1 Car 0 0 0 0 0 0 0 0.10555971693247557 0.061073146760463715 0.0751047134399414 -0.09227505490694173 -0.05257071496636258 -0.3828702104350758 0.0005990819964514019 69.42
