0 2 Car 0 2 0 1055.4010009765625 185.45884704589844 1155.7911376953125 220.977783203125 -0.06343374215066433 -0.20830786228179932 -0.10271894931793213 -1.0871660113334656 -0.09108307212591171 -1.5664651989936829 0.0 0.669405460357666
0 3 Car 0 2 0 961.1910400390625 185.0753936767578 1062.599853515625 220.71896362304688 -0.06616600416600704 -0.20026624202728271 -0.09942877292633057 -0.8940783739089966 -0.09283176064491272 -1.5411465764045715 0.0 0.6458384394645691
0 6 Pedestrian 0 0 0 278.92669677734375 161.5175323486328 303.06732177734375 227.06593322753906 -0.10543717816472054 -0.06635814905166626 -0.10832571983337402 0.5544019043445587 -0.08677414059638977 -1.2624117136001587 0.0 0.582807719707489
0 7 Pedestrian 0 0 0 318.0762939453125 157.8568572998047 340.85137939453125 226.01951599121094 -0.11045747436583042 -0.058140724897384644 -0.08890056610107422 0.49628569185733795 -0.08273044228553772 -1.2721242904663086 0.0 0.5629907250404358
0 8 Pedestrian 0 0 0 354.0880432128906 162.44261169433594 412.1488342285156 286.3836669921875 -0.08713627979159355 -0.04978074133396149 -0.0723763108253479 0.18097414821386337 -0.08099451661109924 -0.5747024714946747 0.0 0.5524425506591797
1 2 Car 0 2 0 1055.84859882599 185.55242188508845 1155.5793373181218 220.83503092616058 -0.06258542276918888 -0.19012397527694702 -0.08912384510040283 -1.0827446281909943 -0.09034853428602219 -1.5596676468849182 0.6050026366004954 0.6565915942192078
1 3 Car 0 2 0 960.7623429536959 184.89853233148241 1062.7316322206327 220.7424665719024 -0.0793648473918438 -0.19882476329803467 -0.1069486141204834 -0.9007353186607361 -0.08926866948604584 -1.550755262374878 -1.846350111114665 0.649615466594696
1 8 Pedestrian 0 0 0 337.8713018370418 165.29434695913773 392.95260341420106 282.3028135693763 -0.06807001936249435 -0.04447022080421448 -0.08624410629272461 0.18346798419952393 -0.06623592227697372 -0.5488262176513672 1.415220907964077 0.5851426720619202
2 1 Pedestrian 0 0 0 459.83122060921335 160.9440894329103 493.9204458139878 252.51041359620754 -0.09421655489131808 -0.05869399011135101 -0.17046290636062622 0.16538388282060623 -0.09081564098596573 -0.9116527140140533 0 0.7474367022514343
2 2 Car 0 2 0 1055.8303106611102 185.51185469333336 1155.6393991462996 220.813804479455 -0.06281206011772156 -0.23218286037445068 -0.10188126564025879 -1.090916931629181 -0.09034853428602219 -1.5600577592849731 -2.835558771526752 0.650292694568634
2 3 Car 0 2 0 960.9765763832045 184.94155007862184 1062.8355593195176 220.746222839025 -0.08030876144766808 -0.2110634446144104 -0.10523200035095215 -0.8993500173091888 -0.09246628731489182 -1.5382449626922607 3.0398597907578155 0.6501343250274658
2 7 Pedestrian 0 0 0 316.3705792843329 159.02769823310788 341.32877666866284 233.73718072560206 -0.04649246670305729 -0.04237942397594452 -0.08753731846809387 0.20215921849012375 -0.03856700286269188 -0.5168871730566025 0 -1
2 8 Pedestrian 0 0 0 334.0439825109488 165.97333154599528 388.3482626950171 281.3311818020403 -0.11443402245640755 -0.45333775877952576 -1.328651487827301 0.4064658433198929 -0.09326552599668503 -1.225806087255478 -1.2659903528320433 -1
3 1 Pedestrian 0 0 0 463.7982578791909 160.19368773710116 498.86087132703864 253.45480117997963 -0.07244594395160675 -0.0536750853061676 -0.09152191877365112 0.15326866507530212 -0.09039648622274399 -0.8923388421535492 2.1268127558381313 0.7305791974067688
3 2 Car 0 2 0 1055.5526527716452 185.42856247486222 1155.5067842340272 220.77899134255983 -0.06233636103570461 -0.20256298780441284 -0.09589266777038574 -1.0839056074619293 -0.089985691010952 -1.5630520582199097 0.568443125916174 0.6808054447174072
3 3 Car 0 2 0 961.1837064247786 185.0387771963797 1062.7804625403598 220.74758540770253 -0.06537216529250145 -0.16577625274658203 -0.07393980026245117 -0.9128333330154419 -0.09246628731489182 -1.5342508554458618 2.7714041154124125 0.6339786648750305
3 8 Pedestrian 0 0 0 330.21666318674687 166.6523161328529 383.743921973942 280.3595500347043 -0.1175687313079834 -0.4360928535461426 -1.410035878419876 0.3833523988723755 -0.10036437213420868 -1.175802931189537 1.7187814131079158 -1
4 1 Pedestrian 0 0 0 468.91777292360206 161.18851326019873 504.2905670507765 254.09087966471247 -0.10236459691077471 -0.05506948381662369 -0.08050918579101562 0.14668012782931328 -0.09163197129964828 -0.8775498270988464 2.2463441175700822 0.7490673065185547
4 2 Car 0 2 0 1055.5522154795333 185.415342261922 1155.4296331410903 220.7297076595928 -0.06233636103570461 -0.1999361515045166 -0.10271894931793213 -1.0808287858963013 -0.089985691010952 -1.5664651989936829 -1.7298760384441212 0.6768602728843689
4 3 Car 0 2 0 961.5261566288511 185.23266850390766 1062.4598590607006 220.69113499923554 -0.06217454746365547 -0.20027732849121094 -0.0928276777267456 -0.8981308341026306 -0.08926866948604584 -1.537846028804779 -0.3277089344866871 0.6326839923858643
4 8 Pedestrian 0 0 0 326.3893438644361 167.33130071971044 379.1395812509758 279.38791826736826 -0.10481926519423723 -0.08847743272781372 -0.14765048027038574 0.44038528203964233 -0.09152889251708984 -1.2897698879241943 -1.1906993654356965 -1
5 1 Pedestrian 0 0 0 473.4395281378914 161.8716842960339 508.6222313867693 254.45569829121288 -0.10500063188374043 -0.04651369899511337 -0.10689818859100342 0.14159538224339485 -0.08999202400445938 -0.8710221648216248 2.7118237664421674 0.7144034504890442
5 2 Car 0 2 0 1055.634386475791 185.47420165423517 1155.337195987524 220.70940239600583 -0.06233636103570461 -0.20260441303253174 -0.09589266777038574 -1.0843142867088318 -0.089985691010952 -1.5630520582199097 -2.7227854904532753 0.6738597750663757
5 3 Car 0 2 0 961.5021396363518 185.17557802660951 1062.7602143469846 220.73517345173207 -0.06562838889658451 -0.2105981707572937 -0.10523200035095215 -0.8948486149311066 -0.09283176064491272 -1.5382449626922607 -2.1089383684874035 0.6644428372383118
5 8 Pedestrian 0 0 0 322.5620245440164 168.01028530656805 374.5352405261184 278.41628650003236 -0.10706247761845589 -0.09182929992675781 -0.1799616813659668 0.44253912568092346 -0.09059809148311615 -1.3137199878692627 -1.1489893150755242 -1
6 1 Pedestrian 0 0 0 477.9782538269591 160.20855526673375 513.4626113542288 253.88403777354085 -0.10542739927768707 -0.0453619584441185 -0.07789337635040283 0.13563372567296028 -0.08794176578521729 -0.885524570941925 2.642602620118 0.6509395241737366
6 2 Car 0 2 0 1055.510147010247 185.47131416177183 1155.5141556496972 220.80373646504182 -0.06306499056518078 -0.21919429302215576 -0.10271894931793213 -1.0865655541419983 -0.09071432054042816 -1.5664651989936829 0.6596464553039227 0.6737610697746277
6 3 Car 0 2 0 961.2148458803088 185.07758146180953 1062.856172882378 220.77572739474394 -0.06537216529250145 -0.205532968044281 -0.09358000755310059 -0.9040205776691437 -0.09246628731489182 -1.5440709590911865 1.2462361560410848 0.6780396699905396
6 6 Pedestrian 0 0 0 282.72404795436853 161.25816454537969 307.33522906624603 227.82548366557506 -0.10058577731251717 -0.07158434391021729 -0.11634206771850586 0.512946605682373 -0.08274438232183456 -1.1616584062576294 0 0.5497851371765137
6 8 Pedestrian 0 0 0 318.7347052254879 168.6892698934256 369.93089979936997 277.44465473269634 -0.10415318794548512 -0.07709404826164246 -0.13523507118225098 0.4299698621034622 -0.09090624749660492 -1.27205491065979 1.883932893548393 -1
6 9 Pedestrian 0 0 0 194.32350848753865 167.5482758532668 282.4938379644134 328.123619936379 -0.07020353642292321 -0.05915553867816925 -0.11764481663703918 0.20327603071928024 -0.06776019930839539 -0.40341322124004364 0 0.8352671265602112
7 1 Pedestrian 0 0 0 483.4225633068283 161.0986661025582 519.7963158280573 255.62974284418928 -0.1083640493452549 -0.06002679467201233 -0.07694989442825317 0.1193438470363617 -0.09018872678279877 -0.847387284040451 2.0736419925505634 0.8208615779876709
7 2 Car 0 2 0 1055.6470948139463 185.46241979846099 1155.6670619703816 220.76963262883518 -0.06306499056518078 -0.2106526494026184 -0.08912384510040283 -1.0922704637050629 -0.09071432054042816 -1.5596676468849182 -2.7145084396270014 0.6511027812957764
7 3 Car 0 2 0 961.4355126686517 185.18910258350422 1062.527791752347 220.6802673344118 -0.06217454746365547 -0.16080480813980103 -0.08043241500854492 -0.9178670942783356 -0.08926866948604584 -1.5374971628189087 -3.1269706768741976 0.6388402581214905
7 6 Pedestrian 0 0 0 283.31199052553495 161.08641697198217 308.07227704822617 228.05702947426005 -0.09898983687162399 -0.06504654884338379 -0.07622337341308594 0.5144513249397278 -0.08274438232183456 -1.1778329610824585 -1.1704118325143174 -1
7 7 Pedestrian 0 0 0 325.9957263940554 158.10075763062565 350.1891320180359 230.36977988793456 -0.10793227702379227 -0.058948785066604614 -0.08219659328460693 0.4609334021806717 -0.08635539561510086 -1.2231621146202087 0 0.5816819667816162
7 8 Pedestrian 0 0 0 314.90738590885053 169.3682544802832 365.3265590707304 276.4730229653603 -0.10385693050920963 -0.07166236639022827 -0.13810229301452637 0.4298376739025116 -0.09090624749660492 -1.265937089920044 1.8512811958740265 -1
7 9 Pedestrian 0 0 0 148.50332034187272 167.26628072548772 246.26120667360937 344.04051637221244 -0.0780262477346696 -0.047897547483444214 -0.10484746098518372 0.20025531947612762 -0.07778939604759216 -0.3625834733247757 1.50139347694999 0.8278689980506897
8 1 Pedestrian 0 0 0 487.87577183419285 162.9530116814339 524.756232744159 256.67035769878515 -0.10144456196576357 -0.05363713204860687 -0.10528314113616943 0.11251769214868546 -0.09231491386890411 -0.8270972371101379 2.4426970396174856 0.8201322555541992
8 2 Car 0 2 0 1055.6811702643852 185.46820884798106 1155.6086602170549 220.74442316565748 -0.0626992043107748 -0.20743954181671143 -0.11559188365936279 -1.0849738717079163 -0.09034853428602219 -1.5669130682945251 0.7271093255635118 0.6675934195518494
8 3 Car 0 2 0 961.1444182658583 185.04775448111695 1062.650821595036 220.6902691422899 -0.07940510753542185 -0.2071925401687622 -0.09358000755310059 -0.9006672501564026 -0.08926866948604584 -1.5440709590911865 -0.0918799530358717 0.6490839719772339
8 7 Pedestrian 0 0 0 327.68998709088874 159.90777776010572 351.30023712242365 230.34667659605088 -0.11484147049486637 -0.06291738152503967 -0.0924835205078125 0.4605676084756851 -0.08608803898096085 -1.2138460874557495 1.8286504210792487 0.616112232208252
8 8 Pedestrian 0 0 0 311.0800665941042 170.04723906714077 360.7222183401996 275.5013911980243 -0.10653061419725418 -0.07006213068962097 -0.13628864288330078 0.42903755605220795 -0.09090624749660492 -1.257573127746582 2.732189330695107 -1
8 9 Pedestrian 0 0 0 90.44813997481367 167.27625971237399 198.77344120935885 360.1613799967587 -0.08955493126995862 -0.03048969805240631 -0.05647662281990051 0.1955738142132759 -0.08684175461530685 -0.30815519392490387 1.6043794300262588 0.8696090579032898
9 1 Pedestrian 0 0 0 491.57634203952165 164.33446362253972 529.2836084276594 258.7589984511155 -0.10496760066598654 -0.05623789131641388 -0.09130871295928955 0.11216089874505997 -0.09271368384361267 -0.8280450105667114 2.4648791043825704 0.7862768173217773
9 2 Car 0 2 0 1055.588423235142 185.45405390509288 1155.5831388900601 220.74625922046184 -0.0626992043107748 -0.21266120672225952 -0.10870754718780518 -1.0854418575763702 -0.09034853428602219 -1.5634709000587463 0.03723324385379837 0.6927371621131897
9 3 Car 0 2 0 960.9804478527226 184.9171900716363 1062.8154313720988 220.69097675929558 -0.08252187632024288 -0.19584918022155762 -0.10105383396148682 -0.9088624715805054 -0.09246628731489182 -1.5537026524543762 -2.0598141261113967 0.6755363941192627
9 7 Pedestrian 0 0 0 328.46240125945604 159.75374899641827 352.18795790368347 230.1511446260582 -0.1122149471193552 -0.059780240058898926 -0.1024484634399414 0.45696502923965454 -0.08511603623628616 -1.2047185897827148 2.2159672076664467 0.548248827457428
9 8 Pedestrian 0 0 0 307.25274728124907 170.72622365399837 356.11787760777776 274.5297594306884 -0.10388846416026354 -0.07969692349433899 -0.1279844045639038 0.42422015964984894 -0.09059809148311615 -1.257137954235077 1.9314001856706762 -1
9 9 Pedestrian 0 0 0 33.29263188703316 169.84269222612602 147.21604636669574 368.43232262751724 -0.06791854929178953 -0.01803213357925415 -0.020481735467910767 0.19436755776405334 -0.07801124453544617 -0.290157750248909 1.4729201457494348 0.8943648934364319
10 1 Pedestrian 0 0 0 497.53982105304397 161.96551007901428 535.7042849583044 258.3791924492524 -0.11249087750911713 -0.033957988023757935 -0.0985192060470581 0.101020947098732 -0.0921168178319931 -0.8284568190574646 2.7753589941641343 0.7546195387840271
10 2 Car 0 2 0 1055.2568488880415 185.42228034148985 1155.5181925854142 220.80961498520298 -0.06233636103570461 -0.21341407299041748 -0.10188126564025879 -1.0811135172843933 -0.089985691010952 -1.5600577592849731 0.689903132030958 0.6611104011535645
10 3 Car 0 2 0 961.0713693123283 184.98932990964772 1062.408351181414 220.5812116864582 -0.061711059883236885 -0.19607990980148315 -0.10105383396148682 -0.9046377241611481 -0.0889144316315651 -1.5537026524543762 1.0520429584035427 0.6619990468025208
10 4 Pedestrian 0 0 0 212.5696862134619 163.54486071257253 236.81295037586105 222.61966037328233 -0.09554576687514782 -0.06301826238632202 -0.06658577919006348 0.680707722902298 -0.07700470834970474 -1.2609668970108032 0 0.5392472147941589
10 7 Pedestrian 0 0 0 329.7173347119958 159.92359962886727 353.3744754111817 230.1179918587467 -0.10686903446912766 -0.05063924193382263 -0.09364974498748779 0.4445342570543289 -0.082235187292099 -1.1968448758125305 1.9193466137346264 -1
10 8 Pedestrian 0 0 0 303.42542797028506 171.40520824085593 351.51353687346483 273.55812766335237 -0.10617280472069979 -0.0756823718547821 -0.1372699737548828 0.4137783795595169 -0.0928824320435524 -1.2256247997283936 1.931728733115287 -1
11 1 Pedestrian 0 0 0 506.5957259878082 160.3566314744403 545.5468059155505 258.9805663814401 -0.11388127133250237 -0.04083700478076935 -0.08580762147903442 0.08697668462991714 -0.09248177707195282 -0.845018595457077 2.59990121974807 0.7987179756164551
11 2 Car 0 2 0 1055.1571256947054 185.40952455374367 1155.3010370886593 220.7369991542313 -0.06346132978796959 -0.23450279235839844 -0.10271894931793213 -1.0942198038101196 -0.09145484119653702 -1.5664651989936829 -2.712867722709167 0.6749528050422668
11 3 Car 0 2 0 961.1542773767409 184.98923728506554 1062.5649329746211 220.6039525786077 -0.08055288810282946 -0.20149356126785278 -0.10105383396148682 -0.9019308984279633 -0.09246628731489182 -1.5537026524543762 -2.6529486314846777 0.665447473526001
11 7 Pedestrian 0 0 0 329.7533457138858 159.4858753394174 354.09841689074403 230.74107894707063 -0.11080430075526237 -0.0606628954410553 -0.07024478912353516 0.44079943001270294 -0.082235187292099 -1.1886167526245117 2.1918064406064834 0.5612471103668213
11 8 Pedestrian 0 0 0 299.59810866121217 172.08419282771354 346.9091961372607 272.58649589601634 -0.10594898462295532 -0.07126164436340332 -0.1505671739578247 0.41877448558807373 -0.0908881202340126 -1.2322733998298645 1.5013457360322529 -1
12 1 Pedestrian 0 0 0 515.6866014847957 161.11554628890897 555.4615022768037 261.0147566359326 -0.11322211846709251 -0.047088075429201126 -0.06421566009521484 0.07810191623866558 -0.09319338202476501 -0.8258845806121826 2.3143186791203885 0.8185306787490845
12 2 Car 0 2 0 1055.2228487286986 185.400222189497 1155.3929942000068 220.72126697249567 -0.0626992043107748 -0.20916390419006348 -0.10870754718780518 -1.0854426622390747 -0.09034853428602219 -1.5634709000587463 0.3416615992120931 0.6760732531547546
12 3 Car 0 2 0 961.282634427997 185.15893819340926 1062.3985943750044 220.6490057259375 -0.06182030960917473 -0.20112043619155884 -0.0928276777267456 -0.8955052196979523 -0.0889144316315651 -1.537846028804779 1.0756433715775662 0.6489632725715637
12 6 Pedestrian 0 0 0 295.38429609176825 160.56428631418822 321.55875196182956 233.13094701577117 -0.10337330214679241 -0.05807676911354065 -0.09118771553039551 0.48276399075984955 -0.08668635040521622 -1.1364699602127075 0 0.5746323466300964
12 7 Pedestrian 0 0 0 330.2100264152827 160.10445193327575 355.1108531256128 232.54122123715447 -0.10783473961055279 -0.051517099142074585 -0.10266280174255371 0.42242710292339325 -0.08431052416563034 -1.184288740158081 2.1138477335534875 0.684295654296875
12 8 Pedestrian 0 0 0 295.7707893540304 172.7631774145711 342.3048553991655 271.6148641286803 -0.10501497518271208 -0.09342283010482788 -0.16465437412261963 0.4052351415157318 -0.09029201418161392 -1.2119325995445251 1.8487821991733198 -1
13 1 Pedestrian 0 0 0 521.175765473588 163.41485076817634 560.8195450597196 261.5977752559434 -0.10428936965763569 -0.04839274287223816 -0.07463669776916504 0.07625488936901093 -0.09241998940706253 -0.8149285912513733 2.019097631425701 0.8441976308822632
13 2 Car 0 2 0 1055.2899442647504 185.44766531189248 1155.529586996308 220.7773618328899 -0.0626992043107748 -0.21526026725769043 -0.10271894931793213 -1.0845985412597656 -0.09034853428602219 -1.5664651989936829 -2.053665857351609 0.6760655045509338
13 3 Car 0 2 0 961.3086583469443 185.18098663482758 1062.6155109317565 220.73421936547672 -0.06253162398934364 -0.1735743284225464 -0.07453763484954834 -0.919999897480011 -0.08962574601173401 -1.540444552898407 -3.1129445680973853 0.6489672660827637
13 6 Pedestrian 0 0 0 296.33032761351154 160.83854848194918 322.3721080158518 233.2490767528043 -0.11400412768125534 -0.07464250922203064 -0.11597180366516113 0.4792643338441849 -0.08868150413036346 -1.142663836479187 2.4729312812580657 0.5166954398155212
13 7 Pedestrian 0 0 0 330.1391375388431 160.06676689949677 355.67825115754897 233.68519497579808 -0.10963789001107216 -0.050439924001693726 -0.06769239902496338 0.42912261188030243 -0.08597153425216675 -1.1668035387992859 1.9947779158818866 0.615702748298645
13 8 Pedestrian 0 0 0 291.94347004873975 173.4421620014287 337.70051465917913 270.6432323613444 -0.10642593633383512 -0.07540205121040344 -0.11477673053741455 0.40379731357097626 -0.09170297533273697 -1.1903457045555115 1.9290307644237448 -1
14 1 Pedestrian 0 0 0 526.7363375124801 162.1184796805176 568.1293686063017 263.05312346679443 -0.11068571731448174 -0.05571819469332695 -0.06391429901123047 0.06402605213224888 -0.092038094997406 -0.8127477765083313 2.7990717109477496 0.786996603012085
14 2 Car 0 2 0 1055.4005192728428 185.46203244207263 1155.6001098223724 220.79551225254698 -0.06295120902359486 -0.20986169576644897 -0.09668266773223877 -1.094397097826004 -0.09071432054042816 -1.5694833397865295 -2.614818883936693 0.6729453802108765
14 3 Car 0 2 0 961.1891591288304 185.13817958145813 1062.727771618471 220.77840147636792 -0.0624223742634058 -0.17317676544189453 -0.07453763484954834 -0.9176751375198364 -0.08962574601173401 -1.540444552898407 -1.356927529985683 0.6699849367141724
14 7 Pedestrian 0 0 0 331.05872873751633 160.1998014491573 356.68406567884705 234.06675849899514 -0.10882428474724293 -0.061554670333862305 -0.08000683784484863 0.4243583679199219 -0.08571642637252808 -1.1531423330307007 1.9866261222324413 -1
14 8 Pedestrian 0 0 0 288.11615074534024 174.12114658828625 333.09617391730166 269.6716005940084 -0.10468713194131851 -0.07206082344055176 -0.12146079540252686 0.3993755578994751 -0.09055308997631073 -1.1870036721229553 1.8689472958304916 -1
15 1 Pedestrian 0 0 0 530.8941086368326 159.30341261593546 573.0396298657906 263.62658880792003 -0.11085627414286137 -0.03937499597668648 -0.06467980146408081 0.05802910588681698 -0.09128367900848389 -0.8067955672740936 2.4045890949460174 0.7770618200302124
15 2 Car 0 2 0 1055.411665362754 185.51196763851678 1155.5989667439915 220.81791663443096 -0.06244921684265137 -0.2081664800643921 -0.10870754718780518 -1.0789087414741516 -0.089985691010952 -1.5634709000587463 0.6247851922507772 0.6659572720527649
15 3 Car 0 2 0 961.1296336807995 184.9837063930316 1062.959962776954 220.744758995805 -0.08276054169982672 -0.17782628536224365 -0.10105383396148682 -0.9178739190101624 -0.09246628731489182 -1.5537026524543762 0.40170227336869613 0.6757962107658386
15 6 Pedestrian 0 0 0 298.03204736954245 159.88123505155403 324.23073994886255 231.97005093765452 -0.10404901020228863 -0.06707307696342468 -0.08650803565979004 0.4672050029039383 -0.08741099387407303 -1.1279319524765015 0 0.5876286029815674
15 7 Pedestrian 0 0 0 331.9783199171872 160.33283599881779 357.6898802191474 234.44832202219217 -0.10953856259584427 -0.05987623333930969 -0.08098220825195312 0.4266066700220108 -0.08521072566509247 -1.160158634185791 2.400158735421053 -1
15 8 Pedestrian 0 0 0 284.28883144383184 174.80013117514386 328.49183317353305 268.6999688266724 -0.10505941044539213 -0.08761158585548401 -0.11002647876739502 0.3996632546186447 -0.09083785116672516 -1.1846186518669128 1.8011459482505991 -1
16 1 Pedestrian 0 0 0 534.2949644741334 157.65080382388027 576.4350342330698 263.566436435432 -0.10203188378363848 -0.03613448143005371 -0.11849528551101685 0.051629163324832916 -0.09035788476467133 -0.7949058711528778 2.327133964692441 0.8038239479064941
16 2 Car 0 2 0 1055.4219712584243 185.52200518701284 1155.612217856788 220.83239340854735 -0.06260416842997074 -0.2311418056488037 -0.10870754718780518 -1.0903964042663574 -0.09071432054042816 -1.5634709000587463 -2.6460316809669275 0.6749120950698853
16 3 Car 0 2 0 961.7217684330865 185.39378726295695 1062.7446315555912 220.8941425734127 -0.06253162398934364 -0.16930872201919556 -0.06804502010345459 -0.9136151373386383 -0.08962574601173401 -1.53719824552536 1.4570040075021968 0.6436471343040466
16 6 Pedestrian 0 0 0 298.8162059689062 158.94665566115123 326.5839797894347 235.1011278218703 -0.10469902120530605 -0.06651148200035095 -0.08599913120269775 0.46446017920970917 -0.08998966962099075 -1.1246047616004944 2.695345095008129 0.670498251914978
16 7 Pedestrian 0 0 0 332.89791107785584 160.46587054847828 358.6956947784502 234.8298855453892 -0.10550307855010033 -0.06305751204490662 -0.07816410064697266 0.42904795706272125 -0.08546283096075058 -1.1653553247451782 -1.305752402699434 -1
16 8 Pedestrian 0 0 0 280.46151214421457 175.4791157620014 323.88749242787327 267.72833705933635 -0.10447297990322113 -0.09082603454589844 -0.10202884674072266 0.40500694513320923 -0.09055308997631073 -1.1806198358535767 1.9125912435248074 -1
17 1 Pedestrian 0 0 0 540.0390510031116 157.70379594745185 583.4071827556539 265.4615058626573 -0.10223832447081804 -0.04845616593956947 -0.14083552360534668 0.04463198594748974 -0.0948723629117012 -0.7761601209640503 2.391039868390478 0.83567875623703
17 2 Car 0 2 0 1055.3276129885671 185.4538342487579 1155.604297242683 220.7807373091752 -0.06281206011772156 -0.2223595380783081 -0.10870754718780518 -1.0881481766700745 -0.09034853428602219 -1.5634709000587463 0.8379462985173171 0.6736006736755371
17 3 Car 0 2 0 961.7910701809475 185.5728185722267 1062.7787808099079 221.0061189554337 -0.06182030960917473 -0.17416954040527344 -0.08043241500854492 -0.9202975034713745 -0.0889144316315651 -1.5374971628189087 -2.3716453444918457 0.6296789646148682
17 4 Pedestrian 0 0 0 214.40114080733926 159.61010930344816 240.78267183864867 226.6682612180596 -0.1059732586145401 -0.051348209381103516 -0.06130373477935791 0.6207758188247681 -0.082235187292099 -1.1737855076789856 0 0.6769196391105652
17 5 Pedestrian 0 0 0 249.9514111504229 166.76072762922436 271.8020396051653 226.1070080780224 -0.09647367056459188 -0.05702334642410278 -0.08063900470733643 0.5885238349437714 -0.08198293298482895 -1.2115054726600647 0 0.5748478174209595
17 6 Pedestrian 0 0 0 299.63501168980736 157.91252771108344 328.6365284626786 237.09110749716905 -0.10107974708080292 -0.06757816672325134 -0.09132468700408936 0.4497557431459427 -0.08922722190618515 -1.097471296787262 2.274133353103781 0.6848146319389343
17 7 Pedestrian 0 0 0 339.55558015621295 157.03154880569022 366.8475090397595 235.35796488305493 -0.11365166120231152 -0.06692609190940857 -0.11833608150482178 0.4013480097055435 -0.08820009976625443 -1.1377179026603699 2.2439516442520726 0.6503424048423767
17 8 Pedestrian 0 0 0 276.6341928464884 176.15810034885902 319.2831516803224 266.75670529200045 -0.10583049152046442 -0.28799889981746674 -0.9335833787918091 0.3511750176548958 -0.0948161855340004 -1.1510329842567444 -1.8031052692741398 -1
18 1 Pedestrian 0 0 0 543.7480199857874 157.6683267878737 588.1153363395541 267.435211551673 -0.11077828332781792 -0.054078138433396816 -0.09989142417907715 0.04243410052731633 -0.09462660551071167 -0.7676273584365845 2.188119378306534 0.8159637451171875
18 2 Car 0 2 0 1055.277600412374 185.45784548756984 1155.5906447168259 220.77403131468563 -0.0626992043107748 -0.20660901069641113 -0.10271894931793213 -1.0884679555892944 -0.09034853428602219 -1.5664651989936829 -1.2994134611155705 0.6711766719818115
18 3 Car 0 2 0 961.2384287752619 185.4657322180972 1062.5841367088922 221.00597728947298 -0.061711059883236885 -0.16513490676879883 -0.07453763484954834 -0.9179061651229858 -0.0889144316315651 -1.540444552898407 0.2667903461544575 0.6684978604316711
18 6 Pedestrian 0 0 0 300.77880817889854 161.10056907949536 329.0642468463005 238.02496912290752 -0.10208715870976448 -0.07065725326538086 -0.09708809852600098 0.44821619987487793 -0.09050554782152176 -1.0945895910263062 1.8530012959591093 0.603380560874939
18 7 Pedestrian 0 0 0 341.03716727055286 156.81850651805865 368.5412394760338 235.75374221769323 -0.11549439653754234 -0.07407104969024658 -0.1166691780090332 0.4049204885959625 -0.08972958475351334 -1.146102786064148 -1.2773436626835293 -1
18 8 Pedestrian 0 0 0 272.80687355065345 176.83708493571658 314.67881093088045 265.7850735246644 -0.10525652766227722 -0.08736714720726013 -0.12582767009735107 0.39857883751392365 -0.09133663773536682 -1.1569156050682068 1.531078350507441 -1
18 10 Pedestrian 0 0 0 911.285984093348 169.94616989261849 939.1907307423311 290.7231374693311 -0.09080409148009494 -0.03622575104236603 -0.06895732879638672 -0.26660703867673874 -0.09121086448431015 -0.5934927463531494 0 -1
19 1 Pedestrian 0 0 0 547.5823495501464 157.45536601705479 591.8221646920564 267.24689759855744 -0.11332764476537704 -0.04306060075759888 -0.10399341583251953 0.03746762126684189 -0.09475772082805634 -0.7603577971458435 2.1105887583350844 0.7654905319213867
19 2 Car 0 2 0 1055.1977131622357 185.44116634768878 1155.746390024338 220.82909172807166 -0.06295120902359486 -0.21310687065124512 -0.10271894931793213 -1.0874141454696655 -0.09071432054042816 -1.5664651989936829 -2.7578000352230663 0.6956853866577148
19 3 Car 0 2 0 959.7723354621928 184.9025109115808 1062.000357992163 220.67843022725657 -0.08272160962224007 -0.1777174472808838 -0.10105383396148682 -0.9220714569091797 -0.09283176064491272 -1.5537026524543762 -1.9364042348363226 0.6287273168563843
19 4 Pedestrian 0 0 0 214.4245594567628 160.29470628375495 240.5621130847113 226.958796317253 -0.10372565686702728 -0.053881943225860596 -0.057164669036865234 0.6174950897693634 -0.08338359743356705 -1.1683036088943481 0 0.6331793069839478
19 5 Pedestrian 0 0 0 251.12961303598948 164.32834330111135 273.55941828419463 225.95007425665653 -0.09971281886100769 -0.04803687334060669 -0.08012974262237549 0.5842792093753815 -0.08198293298482895 -1.207669198513031 0 0.5797250270843506
19 6 Pedestrian 0 0 0 305.0307016380366 161.37770594427423 332.8865968241458 237.40809492077514 -0.11070582829415798 -0.03711619973182678 -0.0490497350692749 0.434421643614769 -0.08845138549804688 -1.082161009311676 2.4658467026381157 0.5927077531814575
19 7 Pedestrian 0 0 0 342.51875432932854 156.60546423042706 370.23496996787225 236.14951955233153 -0.11403661593794823 -0.07518339157104492 -0.1296989917755127 0.40436431765556335 -0.08947999030351639 -1.1433993577957153 1.9502411044152772 -1
19 8 Pedestrian 0 0 0 268.97955425670955 177.51606952257418 310.07447017954735 264.8134417573284 -0.1051546772941947 -0.0984182059764862 -0.11904454231262207 0.39782528579235077 -0.09106399118900299 -1.1411274671554565 1.677936611497712 -1
19 10 Pedestrian 0 0 0 924.887525354195 173.43577585644988 954.282050378911 297.0047562344086 -0.094347617123276 -0.06628498435020447 -0.07000631093978882 -0.2753591388463974 -0.09151294082403183 -0.5720026195049286 2.140588950625104 0.6312893629074097
20 1 Pedestrian 0 0 0 556.7553184557419 158.55689440056776 600.5817197921078 268.10603153672963 -0.11354710906744003 -0.03739439696073532 -0.06726682186126709 0.02301025390625 -0.09264007210731506 -0.7735687494277954 2.69012667933026 0.8180242776870728
20 2 Car 0 2 0 1055.4503388215182 185.50346221028542 1155.6854869254487 220.79237841759848 -0.06233636103570461 -0.1956334114074707 -0.09589266777038574 -1.0829801559448242 -0.089985691010952 -1.5630520582199097 0.9334513455129841 0.673263669013977
20 3 Car 0 2 0 960.1234723886992 185.23989360869035 1062.7296714848635 221.13593142502287 -0.0654805414378643 -0.17044192552566528 -0.08043241500854492 -0.9130485355854034 -0.09246628731489182 -1.5374971628189087 1.1578251735989078 0.5831769108772278
20 4 Pedestrian 0 0 0 214.23111723815933 158.87983691360176 241.06113477676584 227.92564623919097 -0.10773325525224209 -0.051956236362457275 -0.07675206661224365 0.614467591047287 -0.08251167833805084 -1.1547697186470032 2.023871247037806 0.6006578207015991
20 5 Pedestrian 0 0 0 251.4693568826051 162.85474043833023 274.23927309802855 225.9038909184031 -0.09658885188400745 -0.06315219402313232 -0.06592464447021484 0.5700820088386536 -0.08074451982975006 -1.182982325553894 2.037203306168251 0.5542737245559692
20 6 Pedestrian 0 0 0 305.8860036497474 160.730824042645 333.93916581283503 238.3150454486642 -0.11384632624685764 -0.048640161752700806 -0.06132996082305908 0.4339422136545181 -0.08999001979827881 -1.0824739336967468 2.0339153105038252 0.5093464255332947
20 7 Pedestrian 0 0 0 347.5015463526739 157.07035707421002 375.48812608005807 237.6469773023018 -0.11189261265099049 -0.06246146559715271 -0.11647152900695801 0.38670189678668976 -0.08999001979827881 -1.1129502058029175 2.208919681486509 0.542090892791748
20 8 Pedestrian 0 0 0 265.15223496465677 178.19505410943174 305.47012942632307 263.8418099899924 -0.11042674258351326 -0.450407475233078 -1.3635820746421814 0.4305393844842911 -0.09584400057792664 -1.3599555790424347 -1.4390747051728672 -1
20 10 Pedestrian 0 0 0 938.3887576745221 173.52821734409378 969.1995851093699 297.66425257945394 -0.09646733640693128 -0.07082799077033997 -0.08382987976074219 -0.28765906393527985 -0.09437527507543564 -0.5850253701210022 2.576543533082705 0.5846847891807556
21 1 Pedestrian 0 0 0 567.6133697217159 157.19488179555725 612.6908867018911 268.52922100841454 -0.11492120660841465 -0.048949506133794785 -0.07686060667037964 0.00970848836004734 -0.09383773803710938 -0.7670688927173615 2.6738313406514616 0.7612987756729126
21 2 Car 0 2 0 1055.505257611111 185.50586400482632 1155.7262785534413 220.78097957828524 -0.06258542276918888 -0.2167360782623291 -0.10271894931793213 -1.0892287492752075 -0.09034853428602219 -1.5664651989936829 -2.466108000004729 0.6819766163825989
21 3 Car 0 2 0 960.0335187766241 185.25085092633634 1062.7227134896887 221.17592253861164 -0.06573763862252235 -0.1756131649017334 -0.06804502010345459 -0.9167673587799072 -0.09283176064491272 -1.53719824552536 -1.974997541696625 -1
21 4 Pedestrian 0 0 0 214.66118044016426 158.72859686661758 241.6130991957637 228.54637878195987 -0.10600224509835243 -0.06357008218765259 -0.05946159362792969 0.6086606681346893 -0.08275724947452545 -1.1560040712356567 2.126009401600819 0.6338738799095154
21 8 Pedestrian 0 0 0 261.3249156744952 178.87403869628935 300.8657886712077 262.8701782226565 -0.10078169405460358 -0.09252780675888062 -0.10640847682952881 0.3829323649406433 -0.08868150413036346 -1.110840380191803 1.7642051668500156 -1
21 10 Pedestrian 0 0 0 942.8762377944703 166.30462739026606 977.7485702511452 300.09414543103674 -0.09724794118665159 -0.07754379510879517 -0.09273719787597656 -0.2870212495326996 -0.09512636810541153 -0.574455201625824 1.970235380299182 0.69916170835495
22 1 Pedestrian 0 0 0 575.4963230499526 157.8547919911449 621.0636026700734 268.65776289403516 -0.11349461227655411 -0.054121555760502815 -0.07639729976654053 0.007262273691594601 -0.09330559521913528 -0.7572318315505981 2.1336011713928777 0.7845332622528076
22 2 Car 0 2 0 1055.5924785848142 185.50736456779995 1155.5789827023941 220.70044411997088 -0.06395182199776173 -0.22594952583312988 -0.10356700420379639 -1.1035232543945312 -0.09182965755462646 -1.5729255080223083 -2.3596325338523507 0.67262202501297
22 3 Car 0 2 0 959.9435651608036 185.26180824398233 1062.7157554982593 221.2159136522004 -0.06573763862252235 -0.17340004444122314 -0.07453763484954834 -0.9156607985496521 -0.09283176064491272 -1.540444552898407 -2.2812713088188317 -1
22 4 Pedestrian 0 0 0 215.7210301318886 159.35501747663247 242.7223972665956 229.2468441216457 -0.10446428507566452 -0.04277479648590088 -0.04881012439727783 0.6016968488693237 -0.08275724947452545 -1.1540104746818542 2.2551542397317688 0.6579950451850891
22 6 Pedestrian 0 0 0 312.9300660742601 160.64009745461897 341.1102463563646 239.36506025947588 -0.10844237916171551 -0.05065697431564331 -0.07562088966369629 0.41520166397094727 -0.08999001979827881 -1.0753284692764282 0 0.5158308744430542
22 7 Pedestrian 0 0 0 356.13924547311615 160.74743053028556 382.1331727416944 236.29124673106975 -0.10825655795633793 -0.06351178884506226 -0.08791232109069824 0.3621249496936798 -0.08845138549804688 -1.0957651138305664 0 0.708517849445343
22 8 Pedestrian 0 0 0 316.4575054887403 159.8325957797508 350.64352909165586 236.97526377098245 -0.10844237916171551 -0.05172803997993469 -0.07562088966369629 0.4146661311388016 -0.08999001979827881 -1.0753284692764282 0.9353746957973897 0.5316457748413086
22 10 Pedestrian 0 0 0 940.678141634385 161.5110480252885 979.9921367992098 302.12864823315874 -0.10836178809404373 -0.1005902886390686 -0.11174827814102173 -0.28495651483535767 -0.09479472041130066 -0.5649496614933014 1.2329260674162972 0.588415801525116
23 1 Pedestrian 0 0 0 577.8992393185564 159.46140104051466 623.6819856485777 270.9937760701464 -0.11412348411977291 -0.04139619134366512 -0.12394052743911743 0.004749990068376064 -0.0940157100558281 -0.7318064868450165 2.294265845611345 0.7786808609962463
23 2 Car 0 2 0 1055.7528394542737 185.57333764195175 1155.7111257499269 220.75493332234672 -0.06244921684265137 -0.21595239639282227 -0.10870754718780518 -1.089620590209961 -0.089985691010952 -1.5634709000587463 0.8760646191291968 0.6745177507400513
23 3 Car 0 2 0 959.8536115412377 185.27276556162832 1062.7087975105753 221.25590476578918 -0.06522544287145138 -0.17456001043319702 -0.07915234565734863 -0.9128676950931549 -0.09210367500782013 -1.525205135345459 0.9864092906802938 -1
23 4 Pedestrian 0 0 0 216.67197182807655 159.41394079299457 243.395534696978 228.80068754932296 -0.10724135302007198 -0.052539288997650146 -0.0497126579284668 0.593083530664444 -0.08275724947452545 -1.1251636743545532 2.0356021281214804 0.6215436458587646
23 6 Pedestrian 0 0 0 314.63101097131675 161.53082612970863 342.9046757012958 241.53346079777037 -0.10009922087192535 -0.04652366042137146 -0.07943403720855713 0.4157121330499649 -0.09047301858663559 -1.0605903267860413 2.023083918962794 0.5293682217597961
23 7 Pedestrian 0 0 0 358.0063710099542 162.08069670226234 384.0598894608052 237.87544275051874 -0.10569082014262676 -0.048377543687820435 -0.08549749851226807 0.36391671001911163 -0.08870410174131393 -1.1003848910331726 -3.0861730862942656 0.6830534934997559
23 8 Pedestrian 0 0 0 315.3475563894755 159.5770769135847 348.69282145026096 234.82257780362025 -0.09911487996578217 -0.05113619565963745 -0.07117891311645508 0.41651827096939087 -0.0894886776804924 -1.0647178888320923 1.9679865265132805 -1
23 10 Pedestrian 0 0 0 958.3205508679076 168.866244443472 994.8542030029449 300.55937826298157 -0.08971451921388507 -0.0561394989490509 -0.07247912883758545 -0.3063506931066513 -0.09420911967754364 -0.571732759475708 3.1379129670506956 0.515531599521637
24 1 Pedestrian 0 0 0 581.7781744607146 159.28965059340874 627.2264765761269 272.10419825868837 -0.11342068761587143 -0.03310975804924965 -0.07575982809066772 0.00027452223002910614 -0.0940157100558281 -0.7397303283214569 2.11456923447391 0.676413893699646
24 2 Car 0 2 0 1055.5872281477 185.5438922548459 1155.669615664293 220.80149809808483 -0.06281206011772156 -0.1956334114074707 -0.10271894931793213 -1.0829801559448242 -0.09034853428602219 -1.5664651989936829 0.241474759955956 0.6978487968444824
24 3 Car 0 2 0 959.7636579179264 185.2837228792743 1062.7018395266366 221.29589587937795 -0.06631730869412422 -0.1625995635986328 -0.08423757553100586 -0.9151068329811096 -0.09246628731489182 -1.5162756443023682 1.39990622805943 -1
24 4 Pedestrian 0 0 0 217.2268661289235 157.70789333955452 244.7092137302119 229.47887341685282 -0.11341235227882862 -0.05624186992645264 -0.07404053211212158 0.5915231108665466 -0.08275724947452545 -1.1341657042503357 2.190762759212509 0.6270117163658142
24 6 Pedestrian 0 0 0 316.99711723850265 160.5004063942957 345.97132282128166 242.43099193033987 -0.10148813761770725 -0.053721070289611816 -0.0830756425857544 0.411436527967453 -0.09047301858663559 -1.0651480555534363 2.197210834223475 0.6791831851005554
24 7 Pedestrian 0 0 0 360.926508632053 161.6374830788033 387.95194203544054 238.75026498726956 -0.10484084486961365 -0.07186812162399292 -0.08641791343688965 0.35561615228652954 -0.0889929011464119 -1.0863964557647705 2.3068615958638965 0.7205540537834167
24 8 Pedestrian 0 0 0 314.23760671570557 159.32155804741862 346.7421143833713 232.66989183625805 -0.10100513882935047 -0.053721070289611816 -0.06174767017364502 0.411436527967453 -0.08999001979827881 -1.0600022673606873 1.9931946889867014 -1
24 10 Pedestrian 0 0 0 969.5498621599102 171.44481740683224 1003.8554731449918 294.8798260776371 -0.08947466628160328 -0.05888685584068298 -0.07297676801681519 -0.3001210540533066 -0.08823258429765701 -0.554543524980545 1.3516757373719277 0.5606865882873535
25 1 Pedestrian 0 0 0 591.2059062905507 160.24769643907115 635.9294946358685 271.92490461513137 -0.11036075092852116 -0.040202842094004154 -0.12407374382019043 -0.01115885702893138 -0.09269500523805618 -0.7625994682312012 -2.12134603017498 0.5615066289901733
25 2 Car 0 2 0 1055.742871269236 185.56735485248902 1155.7688631130582 220.83371390607476 -0.06281206011772156 -0.2017378807067871 -0.11371743679046631 -1.082123041152954 -0.09034853428602219 -1.5541396737098694 1.1753949758946671 0.6706574559211731
25 3 Car 0 2 0 959.6737042908696 185.2946801969203 1062.6948815464434 221.33588699296672 -0.02390483859926462 -0.050648778676986694 -0.037452757358551025 -0.29194001853466034 -0.033314093947410583 -0.5298463404178619 1.00706290532698 -1
25 4 Pedestrian 0 0 0 217.81168372387094 157.3536758047112 245.58290793784397 230.4990517445813 -0.111403314396739 -0.056973278522491455 -0.06225180625915527 0.5871799290180206 -0.08226756006479263 -1.118894100189209 2.086762094775623 0.6609349846839905
25 7 Pedestrian 0 0 0 362.2174610840913 161.64346518593393 390.57830324814404 240.36733105115167 -0.10600557550787926 -0.06889322400093079 -0.08875524997711182 0.35116980969905853 -0.08850257843732834 -1.081895649433136 2.107089136624112 0.6379276514053345
25 8 Pedestrian 0 0 0 313.1276564674304 159.0660391812525 344.7914078909868 230.5172058688958 -0.10130808502435684 -0.058177649974823 -0.0971176028251648 0.4104640781879425 -0.0889929011464119 -1.0454429686069489 1.9495790408377807 -1
25 10 Pedestrian 0 0 0 980.3856557541154 169.89643650270636 1018.5709831863162 305.8220549428131 -0.1050191130489111 -0.06517800688743591 -0.08885127305984497 -0.30433736741542816 -0.09758993238210678 -0.55214723944664 2.413240144286036 0.7163317799568176
25 12 Pedestrian 0 0 0 936.913273616012 158.75842247812153 993.3168846299894 309.6733812990207 -0.10878851916640997 -0.07505901157855988 -0.09918677806854248 -0.2816084250807762 -0.0950964093208313 -0.5593485832214355 0 0.7751891613006592
26 1 Pedestrian 0 0 0 598.8180975531455 161.26634095333247 643.780820005882 273.35834922114384 -0.08608692465350032 -0.03980268747545779 -0.0761604905128479 -0.018731060321442783 -0.09304413944482803 -0.734807699918747 1.917703059211372 0.6876899600028992
26 2 Car 0 2 0 1055.5314788859996 185.55643907379655 1155.671729007111 220.8955675385795 -0.06418032757937908 -0.23133456707000732 -0.10188126564025879 -1.1008307337760925 -0.09182965755462646 -1.5600577592849731 -2.4762083340861003 0.6855857372283936
26 3 Car 0 2 0 959.5837506600676 185.30563751456629 1062.6879235699955 221.3758781065555 -0.02309781312942505 -0.06680729985237122 -0.07497501373291016 -0.2982914000749588 -0.032129187136888504 -0.5445348024368286 1.544392859471269 -1
26 4 Pedestrian 0 0 0 219.10358691911134 157.5417075856663 246.86359980066953 231.22132625385038 -0.099420715123415 -0.05824095010757446 -0.07582855224609375 0.5847192108631134 -0.0813053697347641 -1.1225922107696533 2.210670970029239 0.6843748092651367
26 6 Pedestrian 0 0 0 320.8729052804299 159.59252282147824 350.0030844507658 242.4720840461472 -0.10377299226820469 -0.0550801157951355 -0.06999260187149048 0.39622780680656433 -0.08951309323310852 -1.0344900786876678 0 0.6599972248077393
26 7 Pedestrian 0 0 0 363.2693977080952 160.33978626001743 392.8340318724361 241.18401292950338 -0.10638200305402279 -0.053542912006378174 -0.10480964183807373 0.34324002265930176 -0.08777714520692825 -1.070555865764618 2.4592350260996416 0.63894122838974
26 8 Pedestrian 0 0 0 312.01770564465005 158.81052031508642 342.84070197310757 228.36451990153358 -0.10179787315428257 -0.046370625495910645 -0.06108015775680542 0.40058255195617676 -0.0875379741191864 -1.0300338566303253 1.9475655525468865 -1
26 10 Pedestrian 0 0 0 995.3702372357424 163.76572587246812 1037.0957585026213 307.69048422744345 -0.10526284761726856 -0.0784989595413208 -0.06488561630249023 -0.31961703300476074 -0.09453193843364716 -0.5408404469490051 1.9939916555106978 0.6297607421875
26 12 Pedestrian 0 0 0 944.0441129269096 156.17120635886437 1002.6983662235557 311.3103668968816 -0.11077201273292303 -0.066539466381073 -0.09457218647003174 -0.2839236259460449 -0.09556110948324203 -0.5374101400375366 2.249138431207836 0.6849414706230164
27 1 Pedestrian 0 0 0 605.5379708234594 164.13999440154788 651.4361921078182 274.5602596257401 -0.2641707509756088 -0.5444688848219812 -10.609539538621902 -0.26650923234410584 -0.1329260766506195 -5.603991255164146 -1.5998182069324598 0.724355161190033
27 2 Car 0 2 0 1054.5555141098896 185.48549182808233 1155.6333752998419 221.1609015528157 -0.06678656488656998 -0.2047557830810547 -0.10271894931793213 -1.0832386016845703 -0.0943230390548706 -1.5664651989936829 0.44234048169169954 0.7147262096405029
27 3 Car 0 2 0 959.4937970255202 185.31659483221227 1062.6809655972932 221.41586922014426 -0.023103560321033 -0.08321419358253479 -0.0932396948337555 -0.2983871251344681 -0.03191091865301132 -0.5444120615720749 -2.607651248449643 -1
27 4 Pedestrian 0 0 0 220.07805763794852 159.0700035456971 247.42700313166398 232.40559178010287 -0.09775862004607916 -0.061574697494506836 -0.0680166482925415 0.5848792195320129 -0.08300700038671494 -1.1125581860542297 2.235034253484201 0.5839077830314636
27 6 Pedestrian 0 0 0 321.9120513368607 160.3798143738356 351.32409905155623 243.21924439179242 -0.11528551578521729 -0.07787564396858215 -0.09658801555633545 0.3981105238199234 -0.09189033508300781 -1.042582094669342 -1.6849451657897874 0.6617323756217957
27 7 Pedestrian 0 0 0 369.6121366757106 161.5343577308899 398.537184837662 241.1910310196746 -0.10544964205473661 -0.051416605710983276 -0.09873306751251221 0.32976286113262177 -0.08999034017324448 -1.0541208386421204 2.218691005707379 0.700179398059845
27 10 Pedestrian 0 0 0 1007.2898015439489 171.03132611813143 1049.5759473301907 309.08544444356914 -0.09854536864440888 -0.09032300114631653 -0.08774086833000183 -0.3234340399503708 -0.09735246002674103 -0.5346244722604752 2.9375703751132987 0.738825261592865
27 12 Pedestrian 0 0 0 955.7370054508676 155.82522375062672 1014.8419083041733 312.37198263956645 -0.11056646052747965 -0.0787976086139679 -0.12595656514167786 -0.2997615188360214 -0.09556110948324203 -0.5518472045660019 -2.9641178462917175 0.7493227124214172
28 1 Pedestrian 0 0 0 611.0478467080934 168.35314882705262 656.5788937127095 275.2399914401671 -0.2708840128034353 -0.17398594738915563 -2.9097059071063995 -0.09415011643432081 -0.2549717128276825 -1.7536061853170395 -1.842388843388222 0.6906317472457886
28 2 Car 0 2 0 1054.0810553355425 185.40895464690286 1155.4175863745197 221.1111496588134 -0.06306499056518078 -0.21625423431396484 -0.09589266777038574 -1.0889878273010254 -0.09071432054042816 -1.5630520582199097 -2.516513743367257 0.7153534293174744
28 3 Car 0 2 0 959.4038433872273 185.32755214985826 1062.674007628336 221.45586033373303 -0.025659717619419098 -0.0925937294960022 -0.1598353385925293 -0.30139636993408203 -0.03443271666765213 -0.5694133639335632 -2.6947575838546496 -1
28 6 Pedestrian 0 0 0 324.42345201680826 162.34033422971243 353.5453980342983 244.02574071025217 -0.10314425081014633 -0.06702017784118652 -0.09884440898895264 0.37911203503608704 -0.09115061163902283 -1.0111517310142517 2.1924843769974482 0.6691933870315552
28 10 Pedestrian 0 0 0 1011.2660105281172 160.65153008825928 1058.6323727289307 311.6652904490093 -0.1095845215022564 -0.08236083388328552 -0.0834827721118927 -0.32325492799282074 -0.09806828945875168 -0.5281192511320114 1.6175867480913169 0.5981338024139404
28 12 Pedestrian 0 0 0 970.304472382757 156.35622674907455 1028.4642860874458 311.61447973781554 -0.11012430675327778 -0.07071328163146973 -0.11876201629638672 -0.3024943470954895 -0.09493651986122131 -0.5476247668266296 2.692918512882645 0.5478532910346985
29 1 Pedestrian 0 0 0 614.9601621040266 164.26303692851823 662.3207463095077 276.030973961856 -0.5998439192771912 -0.7421180251985788 -10.020812034606934 -0.38667147140949965 -0.35893678665161133 -5.308692455291748 -1.6941481485378682 0.68604576587677
29 2 Car 0 2 0 1054.175820680581 185.37095596580735 1156.4243392471076 221.45886153174692 -0.06793684512376785 -0.18908584117889404 -0.07637524604797363 -1.099424660205841 -0.09547331929206848 -1.559329628944397 -1.8288216784463058 0.6947054862976074
29 3 Car 0 2 0 959.313889745189 185.33850946750425 1062.6670496631243 221.4958514473218 -0.023475456051528454 -0.05825844407081604 -0.06812912225723267 -0.30608509480953217 -0.03214696794748306 -0.5137211382389069 1.4203836008475814 -1
29 4 Pedestrian 0 0 0 221.89305155056442 155.6838255189282 250.32457917052864 233.24537914676262 -0.09981678053736687 -0.0347142219543457 -0.09185206890106201 0.5649371147155762 -0.08206374198198318 -1.1006404757499695 0 0.6778433918952942
29 6 Pedestrian 0 0 0 326.9347677276622 163.2328612234913 355.8120807902281 244.56251030505598 -0.10195923689752817 -0.06810995936393738 -0.08775031566619873 0.3681297153234482 -0.09143050014972687 -0.9936428666114807 2.0356753780368533 0.6761271357536316
29 7 Pedestrian 0 0 0 379.14866769440385 162.40549338354566 407.5452735742481 241.87135676248408 -0.1061084195971489 -0.06269404292106628 -0.1015164852142334 0.320336177945137 -0.08999034017324448 -1.0689092874526978 0 0.6779724955558777
29 10 Pedestrian 0 0 0 1020.3119144203564 159.54024004342438 1068.610561666132 313.5261562653884 -0.11085845250636339 -0.07482796907424927 -0.09276717901229858 -0.32278546690940857 -0.09749478846788406 -0.5260401666164398 1.0231456159030046 -1
29 12 Pedestrian 0 0 0 987.8254474319449 155.1556206634961 1048.553480299523 314.5741695409798 -0.10950026661157608 -0.07250893115997314 -0.09971612691879272 -0.30977705121040344 -0.0965256467461586 -0.5295146405696869 1.7414146908519765 0.7728602290153503
30 1 Pedestrian 0 0 0 620.9662032367778 164.5882498856384 668.5633434318654 276.91430780931483 -0.2363480105996132 -0.21015347447246313 -2.7080650329589844 -0.1206289161927998 -0.16340228915214539 -1.6523189544677734 1.5113993812504243 -1
30 2 Car 0 2 0 1055.7939890583586 185.17655350141433 1159.163043520272 222.00102354134296 -0.0684384685009718 -0.2050156593322754 -0.07029068470001221 -1.1067320108413696 -0.09586300700902939 -1.5623719096183777 2.8572816280382143 0.6015490889549255
30 3 Car 0 2 0 959.2239360994054 185.34946678515024 1062.660091701658 221.53584256091057 -0.021743610501289368 -0.057359278202056885 -0.055393874645233154 -0.3038487136363983 -0.030305078253149986 -0.5055525600910187 1.1665898168339692 -1
30 4 Pedestrian 0 0 0 222.50112325919687 154.09656373171123 251.49519511863568 233.80851183431625 -0.10268435999751091 -0.03996676206588745 -0.0670933723449707 0.5570649802684784 -0.0851319208741188 -1.079592227935791 2.21006169256658 0.6841887831687927
30 6 Pedestrian 0 0 0 330.43183135845516 163.38619585235114 359.4241337421706 244.8996310237856 -0.10264518484473228 -0.04486843943595886 -0.07861554622650146 0.3595287650823593 -0.09230446070432663 -1.0010372996330261 -2.4885437346850385 0.6305165886878967
30 10 Pedestrian 0 0 0 1029.357817333636 158.4289499985895 1078.588751582293 315.38702208176755 -0.10733990650624037 -0.06440308690071106 -0.07952630519866943 -0.3153665214776993 -0.09445903450250626 -0.5176187753677368 1.0450369193083628 -1
30 12 Pedestrian 0 0 0 999.1501051567751 156.45594610600548 1062.2663194591357 316.78017232753086 -0.10965541657060385 -0.08423566818237305 -0.08339753746986389 -0.3134668469429016 -0.0956784039735794 -0.5189570635557175 2.3854258917855877 0.8277117013931274
31 1 Pedestrian 0 0 0 626.9722440830755 164.91346284275858 674.8059408406767 277.7976416567737 -0.23518168181180954 -0.18940618261694908 -2.831509053707123 -0.11087985523045063 -0.16115528345108032 -1.7138080894947052 1.5103955236660769 -1
31 2 Car 0 2 0 1062.3020030126431 185.0064437499268 1162.7217438600842 221.4380021370704 -0.07251450419425964 -0.17843937873840332 -0.0928276777267456 -1.1150438785552979 -0.09108307212591171 -1.537846028804779 1.8993526605143525 0.606826901435852
31 3 Car 0 2 0 959.1339824498763 185.36042410279623 1062.6531337439371 221.57583367449934 -0.02034034114331007 -0.04458567500114441 -0.023800283670425415 -0.29814358055591583 -0.028837112709879875 -0.48915843665599823 1.0638277384123922 -1
31 4 Pedestrian 0 0 0 223.56735157158477 155.9164234637956 252.47874329418488 235.69054141837665 -0.10165739059448242 -0.05713772773742676 -0.05648374557495117 0.545210063457489 -0.08624009788036346 -1.0657598972320557 2.2090349058804595 0.6470237970352173
31 6 Pedestrian 0 0 0 334.3453244917124 161.6056615541059 363.91581808687556 245.16927690266093 -0.11143994517624378 -0.08326375484466553 -0.12442046403884888 0.36386942863464355 -0.09302185475826263 -1.0072761476039886 -1.5287612374137383 0.6080976128578186
31 10 Pedestrian 0 0 0 1038.4037192679561 157.31765995375463 1088.5669424774137 317.2478878981467 -0.10096054431051016 -0.0491483211517334 -0.068960040807724 -0.3058684766292572 -0.09313493967056274 -0.5117383152246475 1.1286192455867432 -1
31 12 Pedestrian 0 0 0 1005.4814772430863 155.1335286791499 1072.0555979900346 318.5456533202773 -0.11064891144633293 -0.06946784257888794 -0.07528385519981384 -0.3105250597000122 -0.09708569198846817 -0.5149002224206924 2.4676711881483238 0.8332370519638062
32 1 Pedestrian 0 0 0 632.9782846429196 165.23867579987873 681.0485385359416 278.68097550423255 -0.23129959404468536 -0.18158368952572346 -2.594420850276947 -0.10628420766443014 -0.15888246893882751 -1.5952639877796173 1.5145475045289185 -1
32 2 Car 0 2 0 1062.902652331616 184.95884204556756 1163.575433765273 221.48222472900517 -0.07039293646812439 -0.1848684549331665 -0.11654651165008545 -1.1313825249671936 -0.09220755845308304 -1.5733789801597595 -2.5957628369160997 -1
32 3 Car 0 2 0 959.0440287966019 185.37138142044222 1062.6461757899617 221.6158247880881 -0.08575430978089571 -0.6297385096549988 -1.1155341267585754 -0.6294061839580536 -0.097844697535038 -1.109510749578476 -2.0634192025456954 -1
32 4 Pedestrian 0 0 0 226.12483406394398 157.94474397334017 254.9548014264133 236.611758025346 -0.09788157511502504 -0.056917011737823486 -0.06415796279907227 0.5436995923519135 -0.08677592128515244 -1.0556892156600952 2.050800300945395 0.7202509045600891
32 6 Pedestrian 0 0 0 336.81230842505886 161.65543681277703 366.5811015398203 246.06562342487206 -0.10287662409245968 -0.0546073317527771 -0.06981527805328369 0.351685494184494 -0.0937504842877388 -0.9942207932472229 2.118546161115449 0.6914960741996765
32 8 Pedestrian 0 0 0 267.2022535752548 162.46215781292776 296.9915685649862 235.98772978377917 -0.0983269615098834 -0.06148537993431091 -0.08691179752349854 0.4981711655855179 -0.08825944364070892 -1.089501440525055 0 0.5694141983985901
32 10 Pedestrian 0 0 0 1068.8716080533397 164.052914434834 1118.440916070449 314.7523588676473 -0.10254457592964172 -0.09507903456687927 -0.08345094323158264 -0.3552917391061783 -0.09678100794553757 -0.5148439854383469 -2.989850247415636 0.6265261769294739
32 12 Pedestrian 0 0 0 1013.3255803553392 154.7166517080908 1081.6508390545541 319.25740815067843 -0.11099549382925034 -0.07244360446929932 -0.08269378542900085 -0.31690990924835205 -0.09697927534580231 -0.5103967934846878 2.5717659233798353 0.7850093841552734
33 1 Pedestrian 0 0 0 638.9843249163101 165.56388875699892 687.29113651766 279.56430935169146 -0.1825922429561615 -0.19006073381751776 -2.685043305158615 -0.11055257963016629 -0.10911015421152115 -1.640342727303505 -1.6344271880459385 -1
33 3 Car 0 2 0 958.954075139582 185.3823387380882 1062.6392178397316 221.65581590167687 -0.0874821338802576 -0.6898820400238037 -1.1851449608802795 -0.6437669396400452 -0.09699755907058716 -1.0674563348293304 -2.2346087753753157 -1
33 4 Pedestrian 0 0 0 227.41132524413788 157.50595715760645 256.99008199495677 237.57544025091642 -0.10616712272167206 -0.045410871505737305 -0.08974003791809082 0.5353165864944458 -0.08612985908985138 -1.0522754192352295 2.31865227205559 0.7446229457855225
33 6 Pedestrian 0 0 0 341.2535039339514 162.37278264850613 371.06668256287867 246.56408695064124 -0.10005136439576745 -0.056247442960739136 -0.06873708963394165 0.34683363139629364 -0.092542365193367 -0.9865047633647919 2.386178606881494 0.5581811666488647
33 7 Pedestrian 0 0 0 393.44407812718094 161.7510809677829 422.19056803907785 242.8588471517084 -0.10895244590938091 -0.0440218448638916 -0.06777125597000122 0.2822307348251343 -0.08975885808467865 -1.0179233253002167 0 0.6905290484428406
33 8 Pedestrian 0 0 0 266.015130289675 163.4595093432267 294.69295733455976 236.34663841981876 -0.09742564335465431 -0.05737617611885071 -0.09156692028045654 0.4939706176519394 -0.08730009943246841 -1.0804898142814636 2.0031035497206977 0.5372456908226013
33 10 Pedestrian 0 0 0 1079.0087534408221 162.20935723703022 1132.4231027982785 319.2926238361184 -0.10496634757146239 -0.09016284346580505 -0.08074232935905457 -0.36275266110897064 -0.10012005269527435 -0.5105763822793961 2.8290510569583667 0.7454209923744202
33 12 Pedestrian 0 0 0 1026.420246832366 154.8413556531977 1093.9623617961056 318.85899775806547 -0.10789165180176497 -0.07194837927818298 -0.07973521947860718 -0.3270019441843033 -0.09550805389881134 -0.5094944536685944 2.776486065846802 0.6755512356758118
34 1 Pedestrian 0 0 0 644.9903649032472 165.88910171411908 693.5337347858319 280.4476431991503 -0.15861913934350014 -0.15863161720335484 -2.149657219648361 -0.09492826741188765 -0.09693047404289246 -1.372649684548378 1.5129420202051176 -1
34 2 Car 0 2 0 1064.103951447621 184.86363863684912 1165.2828130975913 221.57066991287468 -0.0257375945802778 -0.06217649579048157 -0.0625501275062561 -0.3506394475698471 -0.028763076290488243 -0.49974945187568665 0 -1
34 3 Car 0 2 0 958.8641214788167 185.3932960557342 1062.632259893247 221.69580701526564 -0.06084265187382698 -0.17792123556137085 -0.119484543800354 -0.8850235044956207 -0.08740342408418655 -1.5114784836769104 -2.062954949318422 -1
34 4 Pedestrian 0 0 0 230.54770762119745 158.41373415042045 259.7918801868426 237.4357485715255 -0.10508108511567116 -0.038339078426361084 -0.04942142963409424 0.5269187390804291 -0.08682820945978165 -1.0538391470909119 2.726893843588419 0.6547213792800903
34 6 Pedestrian 0 0 0 346.338677424552 164.25517609643137 375.8874735448994 247.2329518835176 -0.09985664393752813 -0.04885903000831604 -0.06016641855239868 0.32870735228061676 -0.08954223245382309 -0.9590531289577484 2.396212923890498 0.6497827172279358
34 7 Pedestrian 0 0 0 397.9000821977885 159.24631096357194 428.03940078758114 243.3426940439883 -0.10850889794528484 -0.05667854845523834 -0.07532143592834473 0.27506884187459946 -0.09045124053955078 -1.014148235321045 2.724763924122361 0.7130605578422546
34 10 Pedestrian 0 0 0 1088.6956242219617 166.0800679941517 1142.042595658691 322.48621626630114 -0.10566697735339403 -0.0803433358669281 -0.0857858657836914 -0.36611737310886383 -0.10006038844585419 -0.5096492171287537 2.8068429245207738 0.677819550037384
34 12 Pedestrian 0 0 0 1034.8853301749084 153.156023617627 1104.3045883781595 322.1829361215257 -0.11079115606844425 -0.07279899716377258 -0.0738513171672821 -0.3334120661020279 -0.09582371264696121 -0.5031120330095291 2.1933950830881477 0.6584895849227905
35 1 Pedestrian 0 0 0 650.9964046037306 166.21431467123926 699.7763333404574 281.3309770466092 -0.15991732105612755 -0.15869189705699682 -2.2475564181804657 -0.09489812748506665 -0.09822865575551987 -1.4215992838144302 1.490587089071252 -1
35 2 Car 0 2 0 1064.704601244653 184.8160369324899 1166.136502524721 221.61489250480946 -0.0256425638217479 -0.06926298141479492 -0.07138162851333618 -0.3549269139766693 -0.02861613780260086 -0.5013086497783661 2.2461980782495856 -1
35 3 Car 0 2 0 958.7741678143061 185.4042533733802 1062.6253019505077 221.7357981288544 -0.06450868211686611 -0.1418246626853943 -0.11761474609375 -0.8965000212192535 -0.09138691425323486 -1.499587059020996 2.9623957769992204 -1
35 4 Pedestrian 0 0 0 234.0147488986593 158.77761638341514 263.0313661967992 237.7073145177543 -0.10540616884827614 -0.054856956005096436 -0.0549396276473999 0.5278207361698151 -0.08730009943246841 -1.051080048084259 2.4687686751764892 0.5572848320007324
35 6 Pedestrian 0 0 0 352.5856198733119 162.1926839185299 380.6784102421511 241.90315338759882 -0.09707024181261659 -0.051942646503448486 -0.08168935775756836 0.317651629447937 -0.08954223245382309 -0.9586490988731384 2.5171030137790327 0.6160735487937927
35 7 Pedestrian 0 0 0 401.0140125055292 160.11501967995451 431.87767041692246 243.85265418358676 -0.10691725090146065 -0.05283372104167938 -0.0802907943725586 0.26559386402368546 -0.09069384634494781 -1.011663556098938 2.4535873112262943 0.7377710342407227
35 10 Pedestrian 0 0 0 1096.6248515209509 166.45163844213494 1148.52491421384 323.7335875589838 -0.10276325279846787 -0.07229873538017273 -0.08998537063598633 -0.3684033900499344 -0.09712005406618118 -0.5083502531051636 1.8880122482435422 0.6510999798774719
35 12 Pedestrian 0 0 0 1055.1523968324846 155.38815236148162 1127.6990053150546 328.0011264246206 -0.11077118199318647 -0.07540267705917358 -0.0834408700466156 -0.3391042947769165 -0.09850914031267166 -0.49679388105869293 2.8542551267688605 0.786196768283844
