0 1 Pedestrian 0 0 0 389.3840026855469 154.35794067382812 496.71466064453125 356.62750244140625 -0.10442356113344431 -0.059446774423122406 -0.041272878646850586 0.08988935127854347 -0.09607504308223724 -0.38253846764564514 0.0 0.8923453092575073
0 2 Pedestrian 0 0 0 467.47576904296875 143.8544464111328 548.4517822265625 330.978515625 -0.11320751719176769 -0.04898829758167267 -0.02306079864501953 0.05829411745071411 -0.09349307417869568 -0.43765386939048767 0.0 0.7688448429107666
1 1 Pedestrian 0 0 0 388.94779835890944 152.62098668626516 497.4283454197418 357.22155105969136 -0.1049047065898776 -0.05548807233572006 -0.03994208574295044 0.08718295767903328 -0.09606188535690308 -0.37982648611068726 2.7251260113135043 0.8479552865028381
1 2 Pedestrian 0 0 0 476.3787254503405 143.71846033521922 557.1584797649874 331.0981886682432 -0.10616936162114143 -0.03829280287027359 -0.029422283172607422 0.05294637009501457 -0.09360004961490631 -0.43659693002700806 2.9311212933647925 0.827264130115509
2 1 Pedestrian 0 0 0 400.3356019945246 151.70008174344304 508.1290010812793 356.6960988773653 -0.10498737264424562 -0.041301991790533066 -0.03835061192512512 0.08057504333555698 -0.09565512835979462 -0.37937022745609283 2.768956610764039 0.8719704747200012
2 2 Pedestrian 0 0 0 494.23445089886536 146.17994640801123 573.7065384574089 331.57824178533224 -0.09986939933151007 -0.03579423576593399 -0.0415513813495636 0.04039593040943146 -0.09285634756088257 -0.4403434246778488 2.893216806291701 0.8624386787414551
3 1 Pedestrian 0 0 0 419.2736872036746 150.16784050907222 526.9757481400434 358.86309309528974 -0.10730983316898346 -0.029935356229543686 -0.033486247062683105 0.06967521645128727 -0.09496200829744339 -0.3772781789302826 2.9568509409383705 0.7968100905418396
3 2 Pedestrian 0 0 0 508.24302759688334 144.76288656472144 589.7883311405695 336.02264442928424 -0.1108415387570858 -0.044201173819601536 -0.06616771221160889 0.03376986412331462 -0.09327421337366104 -0.4489952325820923 2.809806964733834 0.8527636528015137
4 1 Pedestrian 0 0 0 437.8895984153026 149.0735508004994 545.1550030258609 359.652545917928 -0.10522201005369425 -0.03604850172996521 -0.03842693567276001 0.05706534534692764 -0.09441853314638138 -0.37974852323532104 2.66675823544678 0.8163245916366577
4 2 Pedestrian 0 0 0 519.6435945338844 144.27738419977658 601.2125402896548 335.5736250766512 -0.10884515382349491 -0.0488491072319448 -0.053253769874572754 0.027381419437006116 -0.09257619082927704 -0.43673068284988403 2.6088940764235544 0.8753144145011902
5 1 Pedestrian 0 0 0 449.85055905824987 149.68751498932482 554.6265527069986 358.03300643714516 -0.1085929786786437 -0.04068439453840256 -0.03664228320121765 0.05574348196387291 -0.09626913070678711 -0.374484047293663 2.8230965964580794 0.8067398071289062
5 2 Pedestrian 0 0 0 527.3011353395309 146.01872631041795 610.7870406637164 341.8220040034198 -0.1114496011286974 -0.05131326289847493 -0.04406625032424927 0.02224207087419927 -0.09551230072975159 -0.4214124381542206 2.352917923317289 0.8804449439048767
6 1 Pedestrian 0 0 0 458.73351224486294 150.75669490605284 562.9783143464708 360.21436937442377 -0.10633056331425905 -0.0511065348982811 -0.038040757179260254 0.05030020698904991 -0.0966091975569725 -0.3741893470287323 2.9014625228948563 0.7899316549301147
6 2 Pedestrian 0 0 0 535.1066799213338 146.61723426217557 619.311771243381 345.0142778408451 -0.11175107583403587 -0.04222632059827447 -0.042921751737594604 0.017025601817294955 -0.09540971368551254 -0.4158892184495926 2.5921572184969905 0.8086550235748291
7 1 Pedestrian 0 0 0 471.6696446940533 150.89018268388764 575.9237208968731 363.3468995536085 -0.10597349051386118 -0.03686298988759518 -0.03524595499038696 0.04408759344369173 -0.09605924040079117 -0.36726275086402893 2.4820103287582524 0.7751176953315735
7 2 Pedestrian 0 0 0 546.5619724623791 144.4285694712604 630.4276901473928 346.6126904654801 -0.11318313889205456 -0.03183228522539139 -0.031220078468322754 0.007611138746142387 -0.0959513783454895 -0.41003838181495667 2.4483732648557113 0.7599104642868042
8 1 Pedestrian 0 0 0 489.9298221462862 153.347060406131 591.3697321582569 366.0690869732121 -0.10728023946285248 -0.030855553224682808 -0.03951039910316467 0.033022395335137844 -0.09753992408514023 -0.36590807139873505 2.8173060138008386 0.7753664255142212
8 2 Pedestrian 0 0 0 562.2745555657319 141.7142379957046 646.0227354154817 348.64865815866585 -0.114274512976408 -0.030126850120723248 -0.035328567028045654 -0.0015317169018089771 -0.0959513783454895 -0.4084591865539551 2.5749299531824317 0.84029221534729
9 1 Pedestrian 0 0 0 507.56881725785263 152.09127333640185 607.2966833931624 366.4597182800487 -0.10862239357084036 -0.032421416603028774 -0.03794914484024048 0.023966871667653322 -0.09725882858037949 -0.36017799377441406 2.892273825696998 0.8424738049507141
9 2 Pedestrian 0 0 0 578.9669849244979 142.0281892981456 662.6955124441024 349.71753259811635 -0.11411808617413044 -0.042279861867427826 -0.02820688486099243 -0.011782202869653702 -0.09650570154190063 -0.398214727640152 2.4871495184178487 0.8150116801261902
10 1 Pedestrian 0 0 0 529.240394694498 152.52732432758927 629.5832283947593 367.42189452781264 -0.10517196357250214 -0.050210184417665005 -0.044188112020492554 0.010524299461394548 -0.09697934985160828 -0.35819144546985626 2.7824402022303327 0.8617212176322937
10 2 Pedestrian 0 0 0 594.4155983328793 143.9895622995473 679.14656183365 353.42798638877775 -0.11301654577255249 -0.04575422126799822 -0.027662426233291626 -0.01954988529905677 -0.09675780683755875 -0.39148367941379547 2.537654065765872 0.8208739161491394
11 1 Pedestrian 0 0 0 539.0051894759088 153.56446211043848 639.2286748830115 365.7851792715584 -0.10459370072931051 -0.05144032835960388 -0.03657945990562439 0.009773623198270798 -0.09596818685531616 -0.352036789059639 2.7962577183943402 0.8539354801177979
11 2 Pedestrian 0 0 0 609.4951106177072 146.2742299362908 694.2083152791704 356.66044151691335 -0.11050403863191605 -0.03787433449178934 -0.027325183153152466 -0.026929258834570646 -0.09607504308223724 -0.3890870064496994 2.6438646274526616 0.8011793494224548
12 1 Pedestrian 0 0 0 545.2166031270148 153.83998266137215 646.5548169553717 367.71786334509636 -0.10488882474601269 -0.05083941109478474 -0.04653805494308472 0.006753011606633663 -0.0958530530333519 -0.3532661199569702 2.8040743673541186 0.8645398616790771
12 2 Pedestrian 0 0 0 620.9200108525672 147.1088947257649 704.2262865495893 358.5741465353582 -0.11076847463846207 -0.03122873790562153 -0.0476338267326355 -0.03153163846582174 -0.09654027968645096 -0.3966749608516693 2.56393297505388 0.8258219957351685
12 9 Pedestrian 0 0 0 257.3871952874159 141.97491467843727 317.41884031404726 317.419140220073 -0.1132977046072483 -0.042827337980270386 -0.05236652493476868 0.21007049083709717 -0.0912860706448555 -0.4571162611246109 0 0.6538316011428833
13 1 Pedestrian 0 0 0 558.5563556377851 151.91281171236488 658.8187988696754 368.24705934990243 -0.10605502314865589 -0.03485030680894852 -0.03953450918197632 -0.0018556062132120132 -0.09471135586500168 -0.34806185960769653 2.6488466586923898 0.8235955238342285
13 2 Pedestrian 0 0 0 629.2018999070957 145.4982816747883 711.4606662479089 359.5400207360735 -0.11388569884002209 -0.030991779640316963 -0.05001288652420044 -0.03543360065668821 -0.09654027968645096 -0.3964136838912964 2.5769608336830334 0.8177390694618225
13 9 Pedestrian 0 0 0 271.9650282817645 145.6516042504753 332.0562369810724 319.4006544080595 -0.11182139255106449 -0.051277562975883484 -0.05883979797363281 0.19520355015993118 -0.0899956226348877 -0.450840026140213 2.6683142423889037 0.8072823286056519
14 1 Pedestrian 0 0 0 576.1668433104076 148.8284120915973 673.9231821076642 367.10489552504123 -0.10506746917963028 -0.030904228799045086 -0.059163957834243774 -0.011223460081964731 -0.09237813949584961 -0.3564712256193161 2.7375394490897453 0.818781316280365
14 2 Pedestrian 0 0 0 641.5069096251875 143.92006497021288 724.6013565462316 363.4916286103966 -0.11433066986501217 -0.03744845278561115 -0.052062273025512695 -0.042424908839166164 -0.09676410257816315 -0.3831935524940491 2.3420383405124787 0.8210729360580444
14 9 Pedestrian 0 0 0 284.12364387514697 149.18280768310257 344.7826140570271 323.1265109245363 -0.10880096070468426 -0.03934353590011597 -0.049709439277648926 0.18165992200374603 -0.09169992804527283 -0.4500291347503662 2.9622699886550286 0.7579141855239868
15 1 Pedestrian 0 0 0 592.925736623735 149.95128010126848 692.0407667438049 367.9692166031607 -0.10720066726207733 -0.04421948594972491 -0.05451193451881409 -0.014668464893475175 -0.09462284296751022 -0.3530295342206955 2.660712890936169 0.7907846570014954
15 2 Pedestrian 0 0 0 649.4089254588921 143.92380209378246 730.0169092639026 362.61109582256677 -0.11128673143684864 -0.026978641748428345 -0.0446285605430603 -0.04499892517924309 -0.09502137452363968 -0.3774832487106323 2.3917502834823376 0.3166836202144623
15 9 Pedestrian 0 0 0 291.8796955332897 144.82224389455018 354.88235125794176 323.9410526493731 -0.11290648765861988 -0.041311800479888916 -0.03771376609802246 0.18296103179454803 -0.09149398654699326 -0.4572112262248993 -2.842236109745526 0.6558037400245667
16 1 Pedestrian 0 0 0 601.3070565177734 152.2749254652624 701.844404797332 368.0666543076725 -0.10555869061499834 -0.044815290719270706 -0.06628215312957764 -0.014985447749495506 -0.09459706395864487 -0.35291212797164917 2.631989694358229 0.7866696119308472
16 2 Pedestrian 0 0 0 669.9519991991242 146.72473943114045 751.5447556764652 365.4541202341174 -0.10695226956158876 -0.03811541944742203 -0.05835527181625366 -0.05580723658204079 -0.09348701685667038 -0.373147577047348 2.6615429634757803 0.8483688235282898
16 9 Pedestrian 0 0 0 304.9579834830383 142.14506209490492 367.4176448292332 321.1196426905051 -0.11376182734966278 -0.031902506947517395 -0.031876057386398315 0.1716737076640129 -0.09242507815361023 -0.4583559185266495 3.107048244343045 0.702309787273407
17 1 Pedestrian 0 0 0 610.6671627912991 153.85418786821077 713.3882889987298 369.05404952924613 -0.10319385211914778 -0.04439559759339318 -0.0678810179233551 -0.021704579732613638 -0.09363977611064911 -0.35211269557476044 2.4344187844962586 0.8492435812950134
17 2 Pedestrian 0 0 0 682.0118971626239 146.48836916687247 763.8122277071286 366.9983888715417 -0.10862495936453342 -0.03636964410543442 -0.05114108324050903 -0.061245400458574295 -0.09389892965555191 -0.3581547141075134 2.2024554791586444 0.8106021285057068
17 9 Pedestrian 0 0 0 323.65803933761015 145.67112949270816 386.4681638704657 322.1649907473259 -0.10818200930953026 -0.050244301557540894 -0.04072141647338867 0.16132089495658875 -0.09257639199495316 -0.4527578055858612 2.8897003257178833 0.8137021064758301
17 15 Pedestrian 0 0 0 249.47793827860573 137.79238411954302 320.8160470456286 330.3970410609128 -0.11627081409096718 -0.033677130937576294 -0.05393931269645691 0.19155734777450562 -0.09202074259519577 -0.422214612364769 0 0.6745851039886475
18 1 Pedestrian 0 0 0 620.339204994104 153.46284531876876 721.9434498534904 368.8352410231882 -0.10306830331683159 -0.04127576854079962 -0.04019483923912048 -0.030403584707528353 -0.09203113615512848 -0.33408312499523163 2.192583818974893 0.8449235558509827
18 2 Pedestrian 0 0 0 693.6184406560296 145.24123561232025 773.2702497873253 362.4426536220594 -0.1065339706838131 -0.03503863140940666 -0.03623518347740173 -0.06555531360208988 -0.09066275507211685 -0.3551049083471298 2.268849981603369 0.7744689583778381
18 9 Pedestrian 0 0 0 338.5153055330225 143.21738442501962 405.44424277216234 323.86748125129986 -0.11340749077498913 -0.06384068727493286 -0.04149487614631653 0.1479155570268631 -0.0921209454536438 -0.4483024626970291 3.0877045266009673 0.8729787468910217
18 15 Pedestrian 0 0 0 253.6474471252231 138.6304000145601 325.69512513286446 334.77205260611913 -0.11292492039501667 -0.038961395621299744 -0.049581825733184814 0.18299215286970139 -0.0931505337357521 -0.41558581590652466 2.5745968674131228 0.598476767539978
19 1 Pedestrian 0 0 0 642.2701696766136 150.30850131244085 742.6255611323664 368.6234538085788 -0.09899176843464375 -0.030334267765283585 -0.038854360580444336 -0.041760528460145 -0.08705627173185349 -0.3260991871356964 2.624837703982544 0.8000109791755676
19 2 Pedestrian 0 0 0 705.5585987682018 142.34716123486146 785.5162106566883 364.93790486995215 -0.11231785453855991 -0.03300066292285919 -0.04424041509628296 -0.07003908604383469 -0.09450922906398773 -0.3544149398803711 2.565780849399365 0.7681306600570679
19 9 Pedestrian 0 0 0 346.72736214277967 144.83287136150153 415.5138474887968 324.1807561387834 -0.11206202022731304 -0.061735451221466064 -0.035262078046798706 0.1431274265050888 -0.09148339927196503 -0.4519958049058914 2.8187494256466055 0.8611472845077515
19 15 Pedestrian 0 0 0 267.3727380905308 133.9194177321113 341.67519156218526 337.47366411905193 -0.11780769377946854 -0.041896700859069824 -0.04676279425621033 0.17636211216449738 -0.09323141723871231 -0.42109663784503937 -2.7550835967337255 0.36229315400123596
19 18 Pedestrian 0 0 0 1139.9526561980504 147.89011769461104 1187.0419753451736 368.25772876941073 -0.08354423101991415 -0.050457730889320374 -0.07353118062019348 -0.22014721482992172 -0.07247418910264969 -0.2876240760087967 0 0.838829517364502
20 1 Pedestrian 0 0 0 662.4994218931881 148.51437832985744 761.800491699925 368.1887799886547 -0.09678566735237837 -0.033592429012060165 -0.0571882426738739 -0.049698324874043465 -0.08517693728208542 -0.32525818049907684 2.470070090526899 0.8508269786834717
20 2 Pedestrian 0 0 0 722.1231801066399 140.94357556253874 802.2335534532928 365.37816748016456 -0.10884044505655766 -0.033207956701517105 -0.02486768364906311 -0.07865035347640514 -0.09287083894014359 -0.34472857415676117 2.5814404766363954 0.7918810248374939
20 9 Pedestrian 0 0 0 354.0683735804656 144.46692279171344 424.27259810507775 324.1940039402964 -0.11264257691800594 -0.049456171691417694 -0.043568819761276245 0.13816102221608162 -0.09213607758283615 -0.44554315507411957 -3.1114710721746337 0.8347793817520142
20 15 Pedestrian 0 0 0 277.9140266422161 148.89610863906725 348.9858442782467 341.8264747504801 -0.10418016649782658 -0.04754234850406647 -0.03903496265411377 0.16728996485471725 -0.09439579397439957 -0.41435369849205017 2.2902423796115987 0.5514935851097107
20 18 Pedestrian 0 0 0 1102.5968468050899 146.02441225726824 1151.298857611666 368.02712813199355 -0.08823745604604483 -0.04662691056728363 -0.059706032276153564 -0.20729335397481918 -0.07440529018640518 -0.29481250047683716 -0.6594834552364081 0.8666502833366394
21 1 Pedestrian 0 0 0 681.9197403846586 149.25266603225032 781.4381412577666 368.81302826638057 -0.09595838375389576 -0.03991074487566948 -0.044717103242874146 -0.0564123559743166 -0.0850096046924591 -0.30964721739292145 2.4650260411712694 0.8599563837051392
21 2 Pedestrian 0 0 0 741.30111992673 141.78087786987106 822.2704053655752 367.86207990455534 -0.10692114569246769 -0.035906970500946045 -0.03387144207954407 -0.08653896301984787 -0.09088075160980225 -0.3402266949415207 2.4979353893271727 0.8181799650192261
21 9 Pedestrian 0 0 0 368.9596128619 143.0654802569237 437.80969948611727 323.2552567721891 -0.11277447082102299 -0.03128587454557419 -0.036739498376846313 0.12644707038998604 -0.09180857986211777 -0.4512570947408676 2.835443742989853 0.8120393753051758
21 15 Pedestrian 0 0 0 287.06674969344147 142.56836055343254 360.0627051243102 341.42146377741426 -0.11268434673547745 -0.03688359260559082 -0.03230002522468567 0.16218410432338715 -0.09394694119691849 -0.4085514694452286 2.8401164550662803 0.6400817632675171
21 18 Pedestrian 0 0 0 1060.1552074292965 149.13814493220275 1112.0779986336577 368.401641261554 -0.09252777975052595 -0.061866164207458496 -0.07474151253700256 -0.1987103819847107 -0.08067445456981659 -0.3081556111574173 -1.177968213628654 0.8890592455863953
22 1 Pedestrian 0 0 0 694.6195633340592 151.636788464188 794.691017319357 368.5351351759738 -0.09508205577731133 -0.04121632128953934 -0.045684218406677246 -0.058371517807245255 -0.08475140482187271 -0.30545249581336975 2.5624511550990077 0.8360693454742432
22 2 Pedestrian 0 0 0 759.4737499385102 144.48256099009595 840.9948643037163 368.53177246584653 -0.10516614653170109 -0.04201647639274597 -0.055516064167022705 -0.0930316150188446 -0.08866414427757263 -0.3461955785751343 2.679188792551099 0.8019632697105408
22 9 Pedestrian 0 0 0 382.2145801879956 143.1682809515831 451.56588141591425 326.9521624488806 -0.11374960839748383 -0.03436677157878876 -0.028722018003463745 0.11786971241235733 -0.09285634756088257 -0.44675810635089874 2.7295737339719732 0.7343367338180542
22 15 Pedestrian 0 0 0 300.1314860865372 140.68282130268966 367.1641089841759 324.74906608972356 -0.10244857147336006 -0.027597740292549133 -0.02942153811454773 0.1535901054739952 -0.0833221822977066 -0.40670935809612274 2.8617534837604945 0.4026091396808624
22 18 Pedestrian 0 0 0 1026.7376560909402 153.8643759805181 1082.0399037571883 368.17790776900677 -0.08004417922347784 -0.053448304533958435 -0.07863757014274597 -0.18983668833971024 -0.08482203632593155 -0.3151906281709671 -0.5639762606856649 0.8716858625411987
23 1 Pedestrian 0 0 0 701.5464916733752 150.98925628390063 804.4681577379954 369.1062504517339 -0.0962502472102642 -0.04248189926147461 -0.08170264959335327 -0.06051795929670334 -0.08524827659130096 -0.31832706928253174 2.6143966379515153 0.815798282623291
23 2 Pedestrian 0 0 0 776.0400842314236 144.81201824685783 857.5183562635343 369.9770033133325 -0.1039647301658988 -0.035330578684806824 -0.04740568995475769 -0.09654545038938522 -0.08834768086671829 -0.3371729999780655 2.572138796180224 0.7646591663360596
23 9 Pedestrian 0 0 0 401.39361788079407 149.6955692996865 469.4095723862161 326.9157880279037 -0.10793577134609222 -0.05259581655263901 -0.03152346611022949 0.10498273745179176 -0.09148339927196503 -0.4481588304042816 3.0066494541440263 0.7813990116119385
23 15 Pedestrian 0 0 0 313.22363584811575 132.34918410362687 386.38791944332166 335.01604563577166 -0.12267942726612091 -0.03542506694793701 -0.030893266201019287 0.1469409465789795 -0.09513624757528305 -0.4050452411174774 2.9160475734807374 0.6972963213920593
23 18 Pedestrian 0 0 0 993.5718911627574 154.7367391340141 1053.405303031191 368.29247312664154 -0.08096602372825146 -0.05267980694770813 -0.07250270247459412 -0.17805810272693634 -0.08503462374210358 -0.31991155445575714 -0.9060843378038902 0.8687410354614258
23 28 Pedestrian 0 0 0 290.51702844904594 150.38152269095428 359.2000680530848 346.74329874338196 -0.10908099357038736 -0.036186084151268005 -0.03182151913642883 0.1569802537560463 -0.09513624757528305 -0.4055093675851822 0 -1
24 1 Pedestrian 0 0 0 714.7087135099841 148.6117796830697 817.1498800986539 369.09234938804 -0.09232721384614706 -0.035720739513635635 -0.07405310869216919 -0.07016614638268948 -0.0812571719288826 -0.31389865279197693 2.2899267349191494 0.8062124252319336
24 2 Pedestrian 0 0 0 789.0620856027167 143.80587797638873 869.2291029595145 370.3086974952363 -0.10380635224282742 -0.02854333072900772 -0.037589073181152344 -0.10348371043801308 -0.08782263845205307 -0.3340766429901123 2.335302235009464 0.8013361692428589
24 9 Pedestrian 0 0 0 411.4089556260915 153.38009343239747 480.57375534306976 329.169219698547 -0.10305083263665438 -0.05806581676006317 -0.0355532169342041 0.10067173093557358 -0.09276990592479706 -0.44390007853507996 2.9245906350355373 0.7679930925369263
24 15 Pedestrian 0 0 0 324.20049912721504 132.66371547815507 398.8855910605327 340.011618421564 -0.11766739189624786 -0.044271327555179596 -0.0375460684299469 0.142053734511137 -0.09429558366537094 -0.4040471464395523 2.656485981730641 0.7932250499725342
24 18 Pedestrian 0 0 0 960.419556284509 151.56462196124306 1023.134008289655 368.6391750186925 -0.09729029703885317 -0.03231853246688843 -0.04053190350532532 -0.1691378802061081 -0.08482203632593155 -0.31972213089466095 -0.5267683075714854 0.836633026599884
24 28 Pedestrian 0 0 0 287.09449593618626 152.3002082257231 359.4442641623578 359.14499935433884 -0.10689896065741777 -0.04182000458240509 -0.05107632279396057 0.156092070043087 -0.09510325640439987 -0.41081227362155914 2.949227515871541 -1
25 1 Pedestrian 0 0 0 739.9026323201409 145.2003709678038 841.5236825283145 367.71753054025896 -0.08972656913101673 -0.03655693307518959 -0.06309965252876282 -0.07917524687945843 -0.07664641737937927 -0.3060333877801895 2.381487881891669 0.7988952398300171
25 2 Pedestrian 0 0 0 802.4010975967135 140.0177886194116 883.1768546248726 369.59752751165126 -0.10392601042985916 -0.035203494131565094 -0.03674501180648804 -0.10996335372328758 -0.08714592456817627 -0.3265295922756195 2.5150674261003343 0.7725340127944946
25 9 Pedestrian 0 0 0 420.87973700217515 152.12989792857033 492.4808125861049 331.363256881953 -0.10911712609231472 -0.048219792544841766 -0.033100247383117676 0.09325015917420387 -0.0929618626832962 -0.44125160574913025 2.6888647013380944 0.7389973402023315
25 15 Pedestrian 0 0 0 333.9233971656586 134.17789303866022 409.37069051308407 341.40676886781387 -0.11692320927977562 -0.04896112531423569 -0.037666887044906616 0.13185201957821846 -0.09360004216432571 -0.3979860097169876 2.5397591863606026 0.7984011173248291
25 18 Pedestrian 0 0 0 934.3913492508057 150.25107744080992 999.1526076959478 368.83765740183935 -0.09969945345073938 -0.034820541739463806 -0.03789520263671875 -0.16603466123342514 -0.08744539320468903 -0.33037227392196655 -0.8378329157862562 0.8653246760368347
25 28 Pedestrian 0 0 0 283.6719634220628 154.21889376049194 359.6884602728947 371.5466999652957 -0.0627726623788476 -0.033775925636291504 -0.03306242823600769 0.14948752522468567 -0.05725270137190819 -0.3975757509469986 2.399452556486533 -1
